100000 啊啊啊 10010 1 100 100 100 100 95 100 100 100 100 100 
100001 不不不 10010 1 100 100 100 100 95 100 100 100 100 100 
100002 擦擦擦 10010 1 100 100 100 100 80 100 100 100 100 100 
100003 自行车 10010 1 100 100 100 100 95 100 100 100 100 100 
100004 自行车 10010 1 100 100 100 100 95 100 100 100 100 100 
100005 自行车 10010 1 100 100 100 100 95 100 100 100 100 100 
100006 自行车 10010 1 100 100 100 100 95 100 100 100 100 100 
100007 自行车 10010 1 100 100 100 100 95 100 100 100 100 100 
100008 自行车 10010 1 100 100 100 100 95 100 100 100 100 100 
100009 自行车 10010 1 100 100 100 100 95 100 100 100 100 100 
100010 自行车 10010 1 100 100 100 100 95 100 100 100 100 100 
100011 自行车 10010 1 100 100 100 100 95 100 100 100 100 100 
100012 自行车 10010 1 100 100 100 100 95 100 100 100 100 100 
100013 自行车 10010 1 100 100 100 100 95 100 100 100 100 100 
100014 自行车 10010 1 100 100 100 100 95 100 100 100 100 100 
100015 自行车 10010 1 100 100 100 100 95 100 100 100 100 100 
100016 自行车 10010 1 100 100 100 100 95 100 100 100 100 100 
100017 自行车 10010 1 100 100 100 100 95 100 100 100 100 100 
100018 自行车 10010 1 100 100 100 100 95 100 100 100 100 100 
100019 自行车l 10010 1 100 50 50 100 95 100 65 100 100 100 
100020 自行车 10010 2 100 100 100 100 95 100 100 100 100 100 
100021 自行车 10010 2 100 100 100 100 95 100 100 100 100 100 
100022 自行车 10010 2 100 100 100 100 95 100 100 100 100 100 
100023 顶顶顶 10010 1 100 100 100 100 100 100 100 100 100 100 
100024 自行车 10010 1 100 100 100 100 95 100 100 100 100 100 
100025 自行车 10010 1 100 100 100 100 95 100 100 100 100 100 
100026 自行车 10010 1 100 65 100 80 95 100 100 100 100 100 
100027 自行车 10010 1 100 100 100 100 95 100 100 100 100 100 
100028 自行车 10010 2 100 100 100 100 95 100 100 100 100 100 
100029 自行车 10010 1 100 100 100 100 95 100 100 100 100 100 
100030 自行车 10010 1 100 100 100 100 95 100 100 100 100 100 
100031 自行车 10012 1 100 100 100 100 95 110 100 100 100 100 
100032 自行车 10010 1 100 100 100 100 95 100 100 100 100 100 
100033 自行车 10010 1 100 100 100 100 95 100 100 100 100 100 
100034 自行车 10010 1 100 100 100 100 95 100 100 100 100 100 
100035 自行车 10010 1 100 100 100 100 95 100 100 100 100 100 
100036 自行车 10010 2 100 100 100 100 95 100 100 100 100 100 
100037 自行车 10010 1 100 100 100 100 95 100 100 100 100 100 
100038 自行车 10010 1 100 100 100 100 95 100 100 100 100 100 
100039 自行车 10010 6 100 100 100 100 95 100 100 100 100 100 
100040 自行车 10010 1 100 100 100 100 95 100 100 100 100 100 
100041 自行车 10010 1 100 100 100 100 95 100 100 100 100 100 
100042 自行车 10010 1 100 100 100 100 95 100 100 100 100 100 
100043 ZZZCCC 10013 1 100 100 100 100 95 100 100 100 100 100 
100044 自行车 10010 1 100 100 100 100 95 100 100 100 100 100 
100045 自行车 10010 1 100 100 100 100 95 100 100 100 100 100 
100046 自行车 10010 45 100 100 100 100 95 100 100 100 100 100 
100047 自行车 10010 1 100 100 100 100 95 100 100 100 100 100 
100048 自行车 10010 1 100 100 100 100 95 100 100 100 100 100 
100049 自行车 10010 1 100 100 100 100 95 100 100 100 100 100 
100050 防尘服 10010 1 100 100 100 100 95 100 100 100 100 100 
100051 自行车 10010 1 100 100 100 100 95 100 100 100 100 100 
100052 自行车 10010 3 100 100 100 100 95 100 100 100 100 100 
100053 自行车 10010 1 100 100 100 100 95 100 100 100 100 100 
100054 自行车 10010 1 100 100 100 100 95 100 100 100 100 100 
100055 自行车 10010 1 100 100 100 100 95 100 100 100 100 100 
100056 自行车 10010 1 100 100 100 100 95 100 100 100 100 100 
100057 自行车 10010 35 100 100 100 100 95 100 100 100 100 100 
100058 test 10010 31 80 100 95 95 95 100 100 100 100 100 
100059 test2 10010 1 100 100 100 100 95 100 100 100 100 100 
100060 自行车 10010 1 100 100 100 100 95 100 100 100 100 100 
100061 自行车 10010 1 100 100 100 100 95 100 100 100 100 100 
100062 自行车 10010 1 100 100 100 100 95 100 100 100 100 100 
100063 自行车 10010 1 100 100 100 100 95 100 100 100 100 100 
100064 自行车 10010 1 100 100 100 100 95 100 100 100 100 100 
100065 自行车 10010 1 100 100 100 100 95 100 100 100 100 100 
100066 自行车 10010 1 100 100 100 100 95 100 100 100 100 100 
100067 自行车 10010 8 100 100 100 100 95 100 100 100 100 100 
100068 自行车 10010 1 100 100 100 100 95 100 100 100 100 100 
100069 自行车 10010 1 100 100 100 100 95 100 100 100 100 100 
100070 自行车 10010 1 100 100 100 100 95 100 100 100 100 100 
100071 自行车 10010 1 100 100 100 100 95 100 100 100 100 100 
100072 摩托车 10010 1 100 100 100 100 95 100 100 100 100 100 
100073 自行车2 10010 1 100 100 80 100 95 100 100 100 100 100 
100074 自行车 10010 1 100 100 100 100 95 100 100 100 100 100 
100075 自行车 10011 1 100 100 100 100 95 100 100 100 100 100 
100076 自行车 10010 1 100 100 100 100 95 100 100 100 100 100 
100077 自行车 10010 1 100 100 100 100 95 100 100 100 100 100 
100078 自行车 10011 1 100 100 100 100 95 100 100 100 100 100 
100079 自行车 10010 1 100 100 100 100 95 100 100 100 100 100 
100080 自行车 10010 1 100 100 100 100 95 100 100 100 100 100 
100081 自行车 10010 1 100 100 100 100 95 100 100 100 100 100 
100082 自行车 10012 1 100 100 100 100 95 100 105 100 100 100 
100083 自行车 10013 1 100 100 100 100 80 100 100 100 100 100 
100084 自行车 10010 1 100 100 100 100 95 100 100 100 100 100 
100085 自行车 10010 1 100 100 100 100 95 100 100 100 100 100 
100086 自行车 10010 1 100 100 100 100 95 100 100 100 100 100 
100087 自行车 10010 1 100 100 100 100 95 100 100 100 100 100 
100088 自行车 10010 1 100 100 100 100 95 100 100 100 100 100 
100089 自行车 10010 1 100 100 100 100 95 100 100 100 100 100 
100090 自行车 10010 1 100 100 100 100 95 100 100 100 100 100 
100091 自行车 10010 1 100 100 100 100 95 100 100 100 100 100 
100092 啥电饭锅 10011 1 100 100 70 100 95 100 100 100 100 100 
100093 自行车 10010 1 100 100 100 100 95 100 100 100 100 100 
100094 自行车 10010 1 100 100 100 100 95 100 100 100 100 100 
100095 自行车 10010 1 100 100 100 100 95 100 100 100 100 100 
100096 自行车 10010 1 100 100 100 100 95 100 100 100 100 100 
100097 自行车 10010 1 100 100 100 100 95 100 100 100 100 100 
100098 自行车 10010 1 100 100 100 100 95 100 100 100 100 100 
100099 自行车 10010 1 100 100 100 100 95 100 100 100 100 100 
